# oST version 5.0 parameters


[image]

width
640

height
480

[narrow_stereo]

camera matrix
785.323228 0.000000 352.139800
0.000000 784.013602 168.722314
0.000000 0.000000 1.000000

distortion
-0.055849 0.062776 -0.023387 -0.005474 0.000000

rectification
1.000000 0.000000 0.000000
0.000000 1.000000 0.000000
0.000000 0.000000 1.000000

projection
785.705994 0.000000 349.594531 0.000000
0.000000 771.918030 160.987156 0.000000
0.000000 0.000000 1.000000 0.000000

